F-P	0.517058	0.035181	0.059701	0.388060
F-R	0.578891	0.027719	0.050107	0.343284
F-F1	0.465885	0.041578	0.082090	0.410448
UnF-P	0.535181	0.034115	0.085288	0.345416
UnF-R	0.566098	0.033049	0.050107	0.350746
UnF-F1	0.420043	0.036247	0.053305	0.490405
Acc	0.340085	0.035181	0.090618	0.534115
Mac-P	0.437100	0.049041	0.079957	0.433902
Mac-R	0.500000	0.038380	0.066098	0.395522
Mac-F1	0.391258	0.053305	0.066098	0.489339
AUC	0.500000	0.038380	0.066098	0.395522
MCC	0.420043	0.047974	0.076759	0.455224
