OP	0.343254	0.011905	0.027778	0.617063
LFR	0.101190	0.000000	0.002976	0.895833
RW	0.727679	0.077381	0.087798	0.107143
DIR	0.723214	0.046131	0.089286	0.141369
PR	0.446429	0.035714	0.105655	0.412202
AD	0.598214	0.025298	0.096726	0.279762
MFC-FDR	0.431548	0.019345	0.016369	0.532738
MFC-SR	0.400298	0.019345	0.026786	0.553571
ROC-SPD	0.443452	0.035714	0.075893	0.444940
ROC-AOD	0.574405	0.044643	0.058036	0.322917
ROC-EOD	0.572917	0.029762	0.055060	0.342262
CEO-FNR	0.465774	0.046131	0.105655	0.382440
CEO-FPR	0.348214	0.020833	0.035714	0.595238
CEO-W	0.452381	0.049107	0.061012	0.437500
EOP	0.313988	0.046131	0.120536	0.519345
Fairway	0.706845	0.104167	0.086310	0.102679
Fair-SMOTE	0.352679	0.047619	0.108631	0.491071
