OP	0.346320	0.010823	0.030303	0.612554
LFR	0.110390	0.000000	0.003247	0.886364
RW	0.733766	0.077922	0.086039	0.102273
DIR	0.720779	0.047078	0.089286	0.142857
PR	0.469156	0.032468	0.100649	0.397727
AD	0.603896	0.027597	0.095779	0.272727
MFC-FDR	0.418831	0.016234	0.017857	0.547078
MFC-SR	0.391234	0.017857	0.021104	0.569805
ROC-SPD	0.413961	0.037338	0.081169	0.467532
ROC-AOD	0.540584	0.048701	0.063312	0.347403
ROC-EOD	0.537338	0.032468	0.060065	0.370130
CEO-FNR	0.482143	0.047078	0.100649	0.370130
CEO-FPR	0.365260	0.021104	0.037338	0.576299
CEO-W	0.469156	0.047078	0.064935	0.418831
EOP	0.308442	0.047078	0.126623	0.517857
Fairway	0.714286	0.100649	0.081169	0.103896
Fair-SMOTE	0.336039	0.048701	0.105519	0.509740
