OP	0.458333	0.035714	0.130952	0.375000
LFR	0.285714	0.035714	0.031250	0.647321
RW	0.375000	0.031250	0.080357	0.513393
DIR	0.464286	0.017857	0.044643	0.473214
PR	0.428571	0.008929	0.053571	0.508929
AD	0.700893	0.035714	0.058036	0.205357
MFC-FDR	0.625000	0.040179	0.093750	0.241071
MFC-SR	0.535714	0.049107	0.071429	0.343750
ROC-SPD	0.379464	0.017857	0.044643	0.558036
ROC-AOD	0.508929	0.022321	0.080357	0.388393
ROC-EOD	0.553571	0.013393	0.107143	0.325893
CEO-FNR	0.723214	0.004464	0.035714	0.236607
CEO-FPR	0.620536	0.013393	0.062500	0.303571
CEO-W	0.870536	0.022321	0.008929	0.098214
EOP	0.312500	0.008929	0.142857	0.535714
Fairway	0.660714	0.066964	0.156250	0.116071
Fair-SMOTE	0.642857	0.031250	0.066964	0.258929
