Results for Figure 8(a)----------------------------
OP	0.241138	0.059021	0.188280	0.342434	0.169127
LFR	0.070635	0.002817	0.219940	0.581131	0.125476
RW	0.122143	0.059167	0.042599	0.503214	0.272877
DIR	0.144742	0.087044	0.041508	0.425079	0.301627
PR	0.186071	0.072024	0.110456	0.442897	0.188552
AD	0.329762	0.231071	0.027500	0.235595	0.176071
MFC-FDR	0.178948	0.234623	0.237738	0.210575	0.138115
MFC-SR	0.175357	0.123929	0.287540	0.261567	0.151607
ROC-SPD	0.156806	0.071052	0.136984	0.371806	0.263353
ROC-AOD	0.139067	0.157837	0.103770	0.310119	0.289206
ROC-EOD	0.172381	0.203929	0.085853	0.275694	0.262143
CEO-FNR	0.406032	0.136230	0.058948	0.296647	0.102143
CEO-FPR	0.540179	0.053512	0.082817	0.257044	0.066448
CEO-W	0.687321	0.138274	0.043532	0.081210	0.049663
EOP	0.088175	0.040754	0.100635	0.652183	0.118254
Fairway	0.203730	0.230079	0.058254	0.229206	0.278730
Fair-SMOTE	0.369246	0.108135	0.098016	0.297024	0.127579
Results for Figure 8(b)----------------------------
lr	0.239096	0.075481	0.137595	0.394163	0.153665
rf	0.297960	0.162438	0.118151	0.269768	0.151683
svm	0.248706	0.101194	0.135357	0.356169	0.158574
dl	0.232604	0.123765	0.097902	0.337786	0.207944
dl2	0.230614	0.136600	0.096235	0.327114	0.209436
dl3	0.234751	0.121020	0.098383	0.351310	0.194536
dl4	0.251202	0.113126	0.100920	0.340688	0.194063
Results for Figure 8(c)----------------------------
Adult-Sex	0.385182	0.098739	0.143641	0.296760	0.075677
Adult-Race	0.385341	0.168721	0.074874	0.247068	0.123996
Compas-Sex	0.115033	0.070962	0.114454	0.522362	0.177190
Compas-Race	0.157059	0.068319	0.130728	0.447983	0.195910
German-Sex	0.194781	0.115696	0.098964	0.311531	0.279029
German-Age	0.205696	0.105453	0.124230	0.327442	0.237180
Bank-Age	0.344177	0.214216	0.082500	0.202212	0.156895
Mep-Race	0.198264	0.116022	0.126329	0.353978	0.205407
Results for Figure 8(d)----------------------------
SPD&Acc	0.199851	0.146802	0.170341	0.323092	0.159915
SPD&Mac-P	0.271301	0.075352	0.182878	0.262303	0.208166
SPD&Mac-R	0.182751	0.163902	0.067846	0.400149	0.185352
SPD&Mac-F1	0.248699	0.097953	0.076397	0.409574	0.167377
SPD&AUC	0.182751	0.163902	0.067846	0.400149	0.185352
SPD&MCC	0.233753	0.112900	0.079360	0.420512	0.153475
AOD&Acc	0.240469	0.152004	0.187463	0.273966	0.146098
AOD&Mac-P	0.290320	0.102154	0.181663	0.244520	0.181343
AOD&Mac-R	0.243518	0.148955	0.073348	0.333774	0.200405
AOD&Mac-F1	0.298699	0.093774	0.086610	0.349339	0.171578
AOD&AUC	0.243518	0.148955	0.073348	0.333774	0.200405
AOD&MCC	0.287399	0.105075	0.084243	0.361876	0.161407
EOD&Acc	0.241855	0.119829	0.204179	0.289147	0.144989
EOD&Mac-P	0.257910	0.103774	0.182836	0.275650	0.179829
EOD&Mac-R	0.244478	0.117207	0.067676	0.338188	0.232452
EOD&Mac-F1	0.276247	0.085437	0.083838	0.377974	0.176503
EOD&AUC	0.244478	0.117207	0.067676	0.338188	0.232452
EOD&MCC	0.273262	0.088422	0.079851	0.380107	0.178358
