Results for Figure 8(a)----------------------------
OP	0.237587	0.062571	0.196095	0.331206	0.172540
LFR	0.070238	0.003214	0.222762	0.553500	0.150286
RW	0.121952	0.059357	0.047048	0.498405	0.273238
DIR	0.150405	0.081381	0.045524	0.417810	0.304881
PR	0.179024	0.079071	0.110571	0.428000	0.203333
AD	0.325548	0.235286	0.030476	0.232762	0.175929
MFC-FDR	0.203381	0.210190	0.254667	0.202214	0.129548
MFC-SR	0.182905	0.116381	0.311429	0.255238	0.134048
ROC-SPD	0.171952	0.055905	0.153381	0.390524	0.228238
ROC-AOD	0.160333	0.136571	0.119095	0.326690	0.257310
ROC-EOD	0.202667	0.173643	0.100857	0.288619	0.234214
CEO-FNR	0.402238	0.140024	0.061929	0.291929	0.103881
CEO-FPR	0.535262	0.058429	0.084810	0.251690	0.069810
CEO-W	0.679976	0.145619	0.044405	0.078881	0.051119
EOP	0.090119	0.038810	0.115524	0.646333	0.109214
Fairway	0.193381	0.240429	0.059690	0.217571	0.288929
Fair-SMOTE	0.385167	0.092214	0.110286	0.299619	0.112714
Results for Figure 8(b)----------------------------
lr	0.243333	0.071244	0.147751	0.394318	0.143353
rf	0.305701	0.154697	0.125781	0.266408	0.147413
svm	0.254657	0.095244	0.144338	0.356965	0.148796
dl	0.236249	0.120119	0.106070	0.332677	0.204886
dl2	0.233164	0.134050	0.104080	0.320826	0.207881
dl3	0.240020	0.115751	0.106796	0.345433	0.192000
dl4	0.255781	0.108547	0.109164	0.335453	0.191055
Results for Figure 8(c)----------------------------
Adult-Sex	0.402375	0.081546	0.152762	0.294846	0.068471
Adult-Race	0.401972	0.152090	0.084022	0.252291	0.109625
Compas-Sex	0.114756	0.071238	0.119227	0.518017	0.176762
Compas-Race	0.157277	0.068101	0.134342	0.445255	0.195025
German-Sex	0.193277	0.117199	0.106812	0.302409	0.280303
German-Age	0.203933	0.107216	0.133692	0.316303	0.238857
Bank-Age	0.351750	0.206643	0.087548	0.201667	0.152393
Mep-Race	0.198929	0.115357	0.145679	0.350238	0.189798
Results for Figure 8(d)----------------------------
SPD&Acc	0.199851	0.146802	0.170341	0.323092	0.159915
SPD&Mac-P	0.271301	0.075352	0.182878	0.262303	0.208166
SPD&Mac-R	0.182751	0.163902	0.067846	0.400149	0.185352
SPD&Mac-F1	0.248699	0.097953	0.076397	0.409574	0.167377
SPD&MCC	0.233753	0.112900	0.079360	0.420512	0.153475
AOD&Acc	0.240469	0.152004	0.187463	0.273966	0.146098
AOD&Mac-P	0.290320	0.102154	0.181663	0.244520	0.181343
AOD&Mac-R	0.243518	0.148955	0.073348	0.333774	0.200405
AOD&Mac-F1	0.298699	0.093774	0.086610	0.349339	0.171578
AOD&MCC	0.287399	0.105075	0.084243	0.361876	0.161407
EOD&Acc	0.241855	0.119829	0.204179	0.289147	0.144989
EOD&Mac-P	0.257910	0.103774	0.182836	0.275650	0.179829
EOD&Mac-R	0.244478	0.117207	0.067676	0.338188	0.232452
EOD&Mac-F1	0.276247	0.085437	0.083838	0.377974	0.176503
EOD&MCC	0.273262	0.088422	0.079851	0.380107	0.178358
